yanx_1
[76 66 68]
[85 60 71]
[92 65 79]
[99 41 70]
[61 80 90]
[64 89 85]
yanx_10
[50 78 82]
[64 75 72]
[80 78 73]
[83 67 47]
[42 98 96]
[42 105 91]
yanx_11
[69 91 66]
[82 71 63]
[98 67 66]
[91 40 60]
[65 107 82]
[67 110 78]
yanx_12
[63 82 82]
[71 79 79]
[83 81 79]
[90 58 71]
[52 94 103]
[54 104 101]
yanx_13
[62 76 75]
[62 69 71]
[77 74 75]
[75 51 62]
[53 92 95]
[59 99 97]
yanx_15
[57 77 63]
[73 70 61]
[88 73 68]
[95 54 43]
[51 81 87]
[59 100 79]
yanx_16
[61 72 66]
[70 70 66]
[79 72 75]
[71 63 60]
[46 85 82]
[51 94 79]
yanx_17
[62 69 70]
[74 67 62]
[93 75 79]
[84 61 54]
[54 82 81]
[59 97 75]
yanx_18
[73 79 74]
[78 71 69]
[85 85 77]
[79 72 65]
[57 96 86]
[61 103 78]
yanx_19
[73 69 63]
[83 63 66]
[91 71 75]
[88 48 59]
[67 82 81]
[69 91 78]
yanx_2
[67 75 79]
[79 68 72]
[86 71 75]
[91 34 69]
[63 84 86]
[62 99 78]
yanx_20
[71 69 66]
[82 64 65]
[92 66 68]
[83 40 64]
[65 84 77]
[71 95 71]
yanx_3
[58 78 76]
[73 71 73]
[89 75 79]
[81 53 64]
[54 92 87]
[60 103 84]
yanx_4
[65 67 63]
[85 60 67]
[95 68 75]
[100 49 64]
[58 81 76]
[64 91 75]
yanx_5
[71 63 54]
[67 52 59]
[57 45 72]
[79 32 49]
[65 69 66]
[55 72 64]
yanx_6
[80 83 69]
[85 79 67]
[94 89 63]
[87 57 68]
[65 94 83]
[62 102 78]
yanx_7
[72 67 70]
[84 63 76]
[91 71 85]
[93 61 67]
[63 81 88]
[64 90 84]
yanx_8
[64 80 80]
[78 73 75]
[89 83 82]
[83 53 70]
[64 91 100]
[69 100 90]
yanx_9
[61 71 77]
[82 66 71]
[93 69 81]
[96 61 57]
[58 82 90]
[64 95 87]
